1 0.18203125 0.7875 0.28984375 0.0359375
1 0.1796875 0.85625 0.2609375 0.0515625
1 0.22890625 0.73515625 0.2640625 0.04765625
1 0.303125 0.684375 0.25625 0.04453125
1 0.34375 0.64375 0.2609375 0.0703125
1 0.41640625 0.58359375 0.246875 0.06015625
1 0.515625 0.5421875 0.21796875 0.06484375
1 0.7125 0.68828125 0.571875 0.425
1 0.58203125 0.49375 0.24375 0.04453125
1 0.665625 0.4484375 0.2515625 0.04765625
1 0.72890625 0.39609375 0.259375 0.04921875
1 0.7578125 0.34296875 0.28515625 0.0390625
1 0.80234375 0.28046875 0.2546875 0.03125
