1 0.065625 0.76640625 0.13125 0.46484375
1 0.07265625 0.2828125 0.1453125 0.3203125
1 0.17265625 0.284375 0.1265625 0.3484375
1 0.2140625 0.74609375 0.12421875 0.49765625
1 0.24765625 0.29140625 0.0984375 0.3015625
1 0.346875 0.29296875 0.0609375 0.334375
1 0.3875 0.74921875 0.09453125 0.5
1 0.4484375 0.28046875 0.0390625 0.340625
1 0.5734375 0.74453125 0.08359375 0.484375
1 0.5734375 0.27734375 0.07734375 0.36953125
1 0.67265625 0.26640625 0.1140625 0.3390625
1 0.740625 0.75078125 0.1171875 0.496875
1 0.76953125 0.25234375 0.11640625 0.31484375
1 0.86640625 0.2453125 0.1671875 0.32265625
1 0.90546875 0.73828125 0.1875 0.52265625
1 0.93125 0.2265625 0.13671875 0.29453125
