1 0.87265625 0.20546875 0.2078125 0.40078125
1 0.0140625 0.73671875 0.028125 0.19921875
1 0.02578125 0.8171875 0.0515625 0.3640625
1 0.065625 0.78671875 0.0921875 0.42421875
1 0.09765625 0.2796875 0.0390625 0.32890625
1 0.1171875 0.82109375 0.046875 0.35703125
1 0.1390625 0.2796875 0.0328125 0.31796875
1 0.1671875 0.82578125 0.04765625 0.346875
1 0.18515625 0.2796875 0.03515625 0.34609375
1 0.2140625 0.8171875 0.046875 0.3640625
1 0.25078125 0.2828125 0.02421875 0.3421875
1 0.28984375 0.28125 0.0296875 0.32578125
1 0.31875 0.2921875 0.0265625 0.303125
1 0.35546875 0.80078125 0.02890625 0.39765625
1 0.36015625 0.278125 0.02109375 0.3328125
1 0.390625 0.80234375 0.028125 0.39296875
1 0.3921875 0.26796875 0.0234375 0.34609375
1 0.4328125 0.26875 0.0328125 0.32421875
1 0.4375 0.79453125 0.0265625 0.41015625
1 0.45859375 0.27734375 0.0296875 0.30703125
1 0.4765625 0.79609375 0.0296875 0.3875
1 0.49765625 0.2703125 0.025 0.32109375
1 0.5265625 0.79765625 0.028125 0.403125
1 0.5765625 0.215625 0.0421875 0.3890625
1 0.575 0.79453125 0.0375 0.41015625
1 0.61875 0.796875 0.0375 0.4046875
1 0.61640625 0.22578125 0.0296875 0.37265625
1 0.65390625 0.20390625 0.03515625 0.384375
1 0.66875 0.79609375 0.0578125 0.40703125
1 0.690625 0.21953125 0.0359375 0.36640625
1 0.7140625 0.796875 0.06171875 0.4046875
1 0.7234375 0.21796875 0.03125 0.390625
1 0.7671875 0.83984375 0.06015625 0.31953125
1 0.75859375 0.2171875 0.02421875 0.35703125
1 0.796875 0.22109375 0.03046875 0.3671875
1 0.83125 0.215625 0.03046875 0.3890625
1 0.86640625 0.209375 0.0359375 0.3734375
1 0.903125 0.2046875 0.03984375 0.37890625
1 0.9390625 0.203125 0.0390625 0.371875
