0 0.1890625 0.81484375 0.35625 0.05234375
0 0.190625 0.7046875 0.36015625 0.04609375
0 0.19375 0.753125 0.359375 0.0453125
0 0.19609375 0.8734375 0.3578125 0.0296875
0 0.20234375 0.96796875 0.35703125 0.05625
0 0.1890625 0.53671875 0.3203125 0.0515625
0 0.1890625 0.61875 0.3015625 0.04609375
0 0.396875 0.69765625 0.03671875 0.40078125
0 0.43515625 0.69453125 0.03046875 0.40234375
0 0.4734375 0.70078125 0.028125 0.45078125
0 0.5140625 0.69609375 0.03125 0.43203125
0 0.57109375 0.68125 0.0421875 0.38203125
0 0.64375 0.70078125 0.04375 0.43828125