0 0.2046875 0.53515625 0.1046875 0.153125
0 0.1921875 0.42734375 0.0734375 0.2140625
0 0.24375 0.42578125 0.1234375 0.12109375
0 0.24921875 0.42109375 0.13203125 0.1328125
0 0.2171875 0.30390625 0.0296875 0.19453125
0 0.2796875 0.39375 0.1453125 0.08046875
0 0.3234375 0.57265625 0.0578125 0.2328125
0 0.3609375 0.3453125 0.1203125 0.15703125
0 0.34296875 0.58828125 0.0484375 0.22265625
0 0.42265625 0.46328125 0.05546875 0.23046875
0 0.44765625 0.62734375 0.0671875 0.1953125
0 0.534375 0.67578125 0.20859375 0.03671875
0 0.546875 0.8453125 0.20546875 0.1375
0 0.4796875 0.8171875 0.0328125 0.24609375
0 0.5171875 0.46015625 0.05 0.22578125
0 0.5515625 0.1703125 0.10390625 0.14765625
0 0.584375 0.48828125 0.1296875 0.26640625
0 0.66640625 0.390625 0.01953125 0.20703125
0 0.69765625 0.4203125 0.021875 0.2
0 0.80703125 0.51953125 0.20625 0.36015625