0 0.0640625 0.175 0.1265625 0.253125
0 0.07421875 0.7203125 0.14296875 0.55859375
0 0.109375 0.184375 0.0921875 0.23515625
0 0.15 0.1609375 0.09296875 0.2734375
0 0.19296875 0.69765625 0.1578125 0.58203125
0 0.18671875 0.15078125 0.08984375 0.27109375
0 0.23359375 0.1515625 0.0828125 0.27265625
0 0.27734375 0.1671875 0.08828125 0.253125
0 0.31171875 0.17734375 0.0609375 0.2484375
0 0.36171875 0.70234375 0.0859375 0.59453125
0 0.3625 0.16875 0.0484375 0.29609375
0 0.39921875 0.16640625 0.03515625 0.26484375
0 0.4390625 0.16171875 0.0390625 0.26796875
0 0.4828125 0.1625 0.0515625 0.26640625
0 0.53828125 0.678125 0.11640625 0.63359375
0 0.5203125 0.121875 0.040625 0.24375
0 0.6140625 0.11015625 0.0828125 0.2203125
0 0.7171875 0.715625 0.1671875 0.56640625
0 0.684375 0.11328125 0.059375 0.22578125
0 0.73125 0.1296875 0.0734375 0.25703125
0 0.7765625 0.12109375 0.0578125 0.2421875
0 0.8671875 0.70390625 0.19375 0.56484375
0 0.8171875 0.1265625 0.0640625 0.253125
0 0.85078125 0.12578125 0.0984375 0.2515625
0 0.896875 0.11796875 0.103125 0.2359375
0 0.940625 0.578125 0.1171875 0.40703125
0 0.95234375 0.12578125 0.09453125 0.2515625
0 0.965625 0.11796875 0.0671875 0.19765625
0 0.98984375 0.38671875 0.01953125 0.05703125